left_elbow_angle,right_elbow_angle,left_shoulder_angle,right_shoulder_angle,left_hip_angle,right_hip_angle,left_knee_angle,right_knee_angle,shoulder_width,hip_width,torso_length,elbow_symmetry,knee_symmetry,frame,timestamp
169.15561456839689,152.69843898555942,50.07112950412116,43.96110163815233,49.8768072268253,54.536291883776926,141.71382752010481,143.94833783813422,0.015954042571490527,0.05073489672144853,0.3472305310291653,16.457175582837465,2.2345103180294075,0,0.0
168.01747017402306,151.7711278025812,50.204148171211514,44.46268602314232,50.11669823947915,55.05162225924374,142.0675105461075,142.51796822495217,0.01972461578704134,0.05222056718186297,0.34542217436489236,16.24634237144187,0.45045767884465704,1,0.017847286821705426
166.9452224512198,150.22843004467305,50.46041976467701,43.09544992249702,50.48123008793846,56.55266447067896,142.66607252571288,143.86582801005352,0.020869432951155047,0.04849499460221883,0.34470154763332056,16.716792406546745,1.199755484340642,2,0.03569457364341085
166.81171637878322,150.3142712222581,50.41396293177778,42.56737395641418,50.688301081108136,56.60170483222788,141.44086412564602,141.918459268092,0.01908932517809855,0.04516838713879496,0.3431612760077582,16.497445156525117,0.47759514244597767,3,0.05354186046511628
166.41187623334326,148.39294917325574,50.2105128507987,41.82080255199489,51.69444902951295,57.33417693641701,142.38360102675907,143.11811756304536,0.01848405947858531,0.04280881601055053,0.34147597233609206,18.01892706008752,0.7345165362862929,4,0.0713891472868217
166.10578783038773,149.32081499509516,50.230933682512806,42.05141851649942,52.40647494034744,57.63167671697454,142.78839413520546,143.1394174568327,0.01778241036777731,0.04107179725147942,0.3405458136821265,16.784972835292564,0.35102332162722405,5,0.08923643410852714
165.57356030417537,151.30661619491914,50.55670907983022,42.46758315491984,52.73974819060851,58.40591326277405,143.00319355259128,143.77827757124385,0.01859752107041671,0.04000592690871838,0.33980689956578386,14.26694410925623,0.7750840186525636,6,0.10708372093023256
165.78407779146718,151.05819172297618,50.552666119073685,42.588876342715096,53.374033067365986,58.48825510549551,143.72360346742272,144.47249999764838,0.016420496382806,0.039376670740639476,0.3389840600982588,14.725886068491008,0.7488965302256645,7,0.124931007751938
165.9867883688614,154.37494660960144,50.28647925489063,42.56298199371281,54.40015779339143,59.16136155651628,145.14393013677048,145.501304977528,0.01431280713408294,0.03914754198879572,0.3384590394013254,11.61184175925996,0.35737484075752946,8,0.1427782945736434
166.04593602269688,156.0768423742542,50.16649225037696,43.08412663110486,55.77491650571136,59.91202607018465,147.86570770626616,146.37820118587612,0.012200825589037336,0.04168357638899506,0.33862397422956625,9.96909364844268,1.487506520390042,9,0.16062558139534885
165.63507431830078,159.1372947902372,50.097925901957645,45.35556401786126,57.077090790320085,60.05184107587604,150.15731262201112,145.71563253524198,0.012015844297273169,0.04473774030715508,0.33898990241212845,6.497779528063575,4.441680086769139,10,0.17847286821705427
166.36813145110824,160.35630996094986,50.254437323962016,45.72158343640466,57.52021066951767,60.20474906218402,150.27948045341833,145.55644893292543,0.011645446532204166,0.045505859107756993,0.3391745058157536,6.011821490158383,4.723031520492896,11,0.19632015503875969
167.29340044122435,160.45507604278095,50.1045435193073,45.54723118314024,57.548210448737905,59.190359039602185,149.89502594078343,142.6907876421556,0.011773045194631897,0.047743602880584386,0.33934817856399163,6.838324398443405,7.204238298627814,12,0.21416744186046513
167.52413511316954,159.92795408276874,50.0204204102571,45.43742264657618,57.42702177789624,58.41546189536962,149.2255503211346,139.60342583107982,0.012947313229319326,0.051565158641858795,0.33924838617883946,7.5961810304008,9.622124490054773,13,0.23201472868217055
168.5542292709903,158.20071250639708,50.410111386288925,46.02744721413261,57.52791406518196,58.78146027303376,149.16561451605497,139.0012144958306,0.017545994301585512,0.057902334088960096,0.3383002479733537,10.353516764593223,10.164400020224377,14,0.249862015503876
168.64096392971385,157.55865716640153,50.31310547466358,46.227923930322056,57.72625448493301,60.294994553057165,148.90644245009173,140.68499976797693,0.01982307629972951,0.06013688634488785,0.3381305473212018,11.082306763312317,8.221442682114798,15,0.2677093023255814
168.59255520411165,160.64355798947724,50.065137211230635,47.476961100889504,57.98291349569848,59.83457574943628,148.85415996807498,138.80280036019826,0.022424083087571958,0.06062170866254666,0.3377465472561986,7.948997214634403,10.05135960787672,16,0.2855565891472868
168.51071626595277,160.52218552862092,49.21971614623322,46.31184830847358,58.68313384424363,60.37412001237652,148.81800187865755,138.4531665330739,0.022546170842822677,0.05958918274920672,0.33774649497983855,7.988530737331843,10.364835345583657,17,0.30340387596899226
168.4961086145438,160.77622061457637,49.037335999565585,45.865355163590436,59.503788423853905,61.681718258867875,149.42945419402992,139.16734012364194,0.022650572857147513,0.05911700087607751,0.33625120618702514,7.719887999967426,10.26211407038798,18,0.3212511627906977
168.65961858211836,161.7322941451222,48.70730052512526,45.79856976334201,59.72239497538834,62.50054987860062,148.64190430198732,139.85165311845438,0.02242661572604518,0.058386454878070246,0.33626516131846684,6.927324436996145,8.790251183532945,19,0.3390984496124031
168.65266889317132,161.78947177656,48.0199230722891,45.14844266980556,59.72661095969312,64.91915675904119,147.3801540518836,141.97669389676085,0.022290120717976966,0.05465591522583111,0.3360402236433988,6.863197116611332,5.403460155122758,20,0.35694573643410854
169.0421472118143,160.49740515824033,47.729417650052405,44.156108903728025,60.094064090674635,66.1117875064748,146.56253302586816,141.9816652869937,0.022788137958432136,0.05413871434323452,0.33526631697268916,8.54474205357397,4.580867738874474,21,0.374793023255814
169.1547950340451,162.4061877866878,47.51080887113414,44.781448371285144,60.35319704053222,66.98357670663489,146.31169949055163,142.63377933425596,0.024626227710963365,0.05701324399146877,0.3333203112623489,6.748607247357285,3.67792015629567,22,0.39264031007751937
170.12157527975427,160.95215188610285,47.423050005419675,46.85354518550991,60.5119333286338,68.14645833853899,145.33171542440462,141.96950137125333,0.02634419975244397,0.0610768869399985,0.3307870291601813,9.169423393651414,3.362214053151291,23,0.4104875968992248
169.97129745552283,162.65700487140367,45.954551217883775,45.38355691091176,62.32295966640868,69.98263774326011,145.34267764083114,143.01355958365855,0.024187024313555055,0.05743229766804515,0.3301139233296293,7.314292584119158,2.329118057172593,24,0.42833488372093026
168.24578393011225,159.80662013799457,44.30813050482792,42.007353291764545,62.38667835853056,67.20351673667858,141.32200291624937,132.84383688887738,0.02403993685977246,0.06328297750006873,0.3279758474291274,8.439163792117682,8.478166027371998,25,0.44618217054263565
166.41198969232005,160.7528222393907,43.29044453624723,41.54520200667255,63.12800125571897,66.26209840968033,139.20865153584043,129.24986127210647,0.023784881559965894,0.06617854308738748,0.32745428682489636,5.659167452929353,9.95879026373396,26,0.4640294573643411
164.89047624438138,161.9879895692782,42.297138534869084,41.89112569135605,65.82706070979702,67.2201793980289,142.5577796474975,129.44351555146744,0.021615783721525596,0.06457269885501789,0.32675320233083355,2.9024866751031766,13.11426409603007,27,0.48187674418604654
160.06494365754057,162.6185588752829,39.44757537623451,41.30843640391725,68.33562451274378,69.159271780435,145.40963833207616,129.8686633883905,0.01737772995081176,0.06122917734233079,0.3292090172084728,2.5536152177423332,15.540974943685654,28,0.499724031007752
160.37795335462175,160.67958418437877,38.78894575599524,40.55417703942726,70.5907148076003,80.90885192414584,148.03532739305373,153.47710673698188,0.013275707772194712,0.0583340972201908,0.3285588247628335,0.30163082975701627,5.441779343928147,29,0.5175713178294574
160.5202695245088,160.36523204077113,38.62811433884673,40.70476339578355,73.06300396032918,85.6549968272463,151.10669543397756,160.92302878134262,0.013396531903654599,0.05603878630038968,0.3267610708586468,0.15503748373765802,9.81633334736506,30,0.5354186046511628
159.378520757975,158.814358918881,38.96303549292611,40.84994245005129,75.32072951863825,87.32461790863641,153.46417821566135,162.75101663226164,0.013856538663195328,0.05358921903166702,0.3232251284905276,0.5641618390939982,9.28683841660029,31,0.5532658914728682
159.02247845462014,159.41144758802503,38.33586328424768,40.38436120780874,77.59706726084374,88.87599652319983,155.90253885432125,162.64538222949008,0.015057087026955983,0.055510517089166794,0.3207908444932439,0.3889691334048848,6.742843375168832,32,0.5711131782945736
158.32587542440956,161.86533849126576,37.55729059606268,40.65310152170455,79.63798201663741,80.06312062137164,156.23782386870778,142.78343018375767,0.014579410623927662,0.054077589871594375,0.3172089137668215,3.5394630668562,13.454393684950105,33,0.5889604651162791
160.22743816479695,164.29744489617264,39.220163527051675,43.64220933727332,80.31737626701823,79.52905559019632,156.24347608456796,139.04783035526154,0.022662385552277464,0.058468778926476964,0.31020827180412985,4.070006731375685,17.19564572930642,34,0.6068077519379845
163.68133346102962,170.89101801533113,40.32128627131733,46.845018045664,82.73486251149183,80.41186808338,157.4327067372778,137.36613246448022,0.028340373436134308,0.06160938650569367,0.30799157447511366,7.209684554301504,20.066574272797595,35,0.62465503875969
165.80755540371956,170.90848121463114,40.607012647398214,45.37889549714138,82.6520156068056,80.62768894721438,156.14865062207141,134.38079812756,0.028282047940793854,0.061756005152181985,0.30602367454052165,5.100925810911576,21.767852494511402,36,0.6425023255813954
168.45328744974833,170.74591007451403,40.466792861524404,44.81854185696418,83.11464780619718,83.14585327228207,152.83709880796962,136.2134702000818,0.022269419585340917,0.05480989629508474,0.30280718316419053,2.2926226247656984,16.623628607887838,37,0.6603496124031007
167.18932676743106,169.23619000435235,38.715916578253854,40.782729809134445,85.01855934308361,84.55005434621154,154.03298004678558,137.63882100482044,0.018433868366988723,0.05002723822430547,0.2999332854231169,2.046863236921297,16.39415904196514,38,0.6781968992248062
165.88475131695603,166.67377229404957,37.50851325790737,37.493388685422616,86.68431503767476,86.45311367042552,154.38494894341716,139.4613431446396,0.01353013710846723,0.045430883848540736,0.2978801772648721,0.7890209770935428,14.923605798777544,39,0.6960441860465116
164.35909993087157,159.20959252225643,36.466680965511046,30.084105870080183,88.0883585515632,90.52604279914016,155.45508771657498,144.85022420815602,0.013792937663095618,0.03931644403646519,0.2943172822340294,5.149507408615136,10.604863508418958,40,0.7138914728682171
163.3957059209907,162.03832475186957,36.355364941247274,31.748724805612824,90.10345586255596,91.17517485890988,156.22924244607128,145.68301988457029,0.009833781748713138,0.03840571874770484,0.2915568521045346,1.3573811691211404,10.546222561500997,41,0.7317387596899225
162.41378124820042,162.71322631498006,36.64686798582125,31.36480235819492,91.49364830007016,93.08612986575696,156.77417741031843,146.21469205909682,0.015065522641071664,0.036152579991235445,0.2855054053464561,0.29944506677964,10.55948535122161,42,0.749586046511628
161.3029445329464,163.76969085766476,35.929159031251814,31.343230650410394,94.80163788372397,95.23468720830942,158.5840759986641,146.51258629192148,0.015159791109482127,0.0319521809603032,0.2831429538990227,2.4667463247183434,12.071489706742625,43,0.7674333333333334
161.95837179736375,169.02325477892512,37.39929268305482,35.67097878082236,96.88020892524406,98.13788529691794,158.9974533490178,147.9199954355178,0.019598716232254544,0.042975656773453795,0.27862301773602305,7.064882981561368,11.077457913500012,44,0.7852806201550387
160.45102683765973,170.74327620987674,37.169534555586424,36.84539184834871,98.33024858342316,99.81469073444612,159.4011715929884,147.1421726268303,0.025969698033795098,0.0499778213542704,0.2719843646962551,10.292249372217015,12.258998966158089,45,0.8031279069767442
158.27591080004854,172.04277419532428,36.07871629189863,37.08083227339426,100.26836376562818,103.6382265980356,160.03932226169522,149.92227939931396,0.027970865798117354,0.052390001881510564,0.2683629019300645,13.766863395275749,10.117042862381254,46,0.8209751937984496
157.49652792965546,171.1297961370879,35.253517147620535,36.92123467863974,103.31093494053408,105.36122359503804,160.18597537199508,151.16029475189984,0.029134324003875677,0.04970014930020114,0.26426314880305524,13.633268207432451,9.025680620095244,47,0.8388224806201551
155.72254026481923,172.8049370166729,32.26690856570777,36.78472681994106,106.25388656536296,108.53348194564373,159.253405708239,153.25496938972174,0.024953591966022617,0.043585562280857054,0.26490416338678346,17.08239675185368,5.998436318517264,48,0.8566697674418605
155.16064632677055,170.2183327624756,30.913142242150318,35.721877259049464,108.90333089069225,110.69096726670216,157.85743664914972,153.43782573037936,0.017032364988383543,0.035250643799707965,0.2605120307317305,15.057686435705051,4.41961091877036,49,0.874517054263566
146.98326449149997,166.49230804509193,25.151608458550065,32.21084998357088,112.46575896105333,114.21368442191587,157.19896083213172,154.65270583564802,0.015109310322393587,0.02955755803563306,0.25443774621913845,19.509043553591965,2.5462549964836967,50,0.8923643410852713
145.5960541473408,163.2151248058272,24.787377476481105,29.736858445971073,113.47589396842565,116.98212308636224,154.6359419357223,153.66116837917207,0.012546509256408581,0.02801682803908574,0.2502031261513646,17.619070658486407,0.9747735565502182,51,0.9102116279069767
139.72151419682538,158.80708818347628,21.221734199571642,25.665004117564738,117.1919785138243,119.81123245570913,155.9800920175972,150.35812007227722,0.010183719989424894,0.030275687006636624,0.246239819698408,19.0855739866509,5.621971945319984,52,0.9280589147286822
131.63130208973413,156.72579535159383,13.123360809398378,23.083655139443668,123.42050916409616,122.80348709360996,156.91961306142716,149.28111768668032,0.010587556077386472,0.024069490070355408,0.24712343550475227,25.094493261859697,7.638495374746839,53,0.9459062015503876
131.32460139290214,159.3779174504412,11.228208263767709,22.54565483664929,129.0263876542629,126.42669104360337,158.20612172607085,147.54192311298223,0.017550402138256333,0.025525838595465998,0.2459525181176294,28.053316057539064,10.664198613088615,54,0.9637534883720931
130.94404176556785,157.1728838984381,7.770993985671938,19.576802051818746,135.1837193762533,132.05406515999914,159.78933943010935,147.41698183178613,0.014315577984669465,0.01901837800827967,0.24090704720507378,26.228842132870255,12.37235759832322,55,0.9816007751937985
111.97735128567098,159.6436496314795,1.270737112730802,18.0970698902837,139.63232448364548,138.351735805598,160.3903779123475,150.68671053132059,0.02279812908048221,0.02802597909757673,0.23645642983902923,47.666298345808514,9.703667381026918,56,0.999448062015504
116.58201923825973,132.01600495641478,0.20299966608883585,5.754433505957685,146.64156118273144,142.66709878692114,162.4774721102858,149.25068829291757,0.014120290810686128,0.00984260253567038,0.23203083136904487,15.433985718155043,13.226783817368215,57,1.0172953488372094
112.66973021206641,139.70503258307923,3.9536715312096478,7.904792254837843,152.75334104102305,149.5412829814042,163.35237095229573,152.87334118270522,0.02311544977080966,0.016714760973028524,0.2367760932383693,27.03530237101282,10.479029769590511,58,1.0351426356589148
116.7853473770916,137.91035994282566,2.663237548924694,6.854873775199633,157.0128571811666,155.33130021890287,164.71404453736028,155.98156043724143,0.027911443483525294,0.02034940169566254,0.23744713650395538,21.125012565734067,8.732484100118853,59,1.0529899224806203
113.0678342620891,139.45089662872033,6.014370630208423,5.72928404514621,158.68740627875417,159.53851230733267,163.1834015878871,156.4356252472329,0.03942576009367061,0.03222992653657045,0.23936421549978773,26.383062366631236,6.747776340654184,60,1.0708372093023255
117.77713585727892,138.64430943911563,4.99375301690564,4.938532732242013,161.70491079396982,161.49688091003395,163.49171723606315,154.86985148142608,0.03001175137558646,0.024122778488488324,0.2390927919776446,20.86717358183671,8.62186575463707,61,1.088684496124031
120.56350115400105,139.5869400587169,5.132040240994927,4.58661389479065,164.31384894601865,165.12809352696863,163.3775191935763,156.36044779109758,0.037198280086855925,0.028003226533107103,0.24041557975297304,19.023438904715846,7.017071402478706,62,1.1065317829457364
122.71896577290073,142.1255365221112,5.863414730881841,4.845649508486588,167.2290425176987,168.91249713016876,163.88806244333844,157.81872813464628,0.03789127173819869,0.02763354997835824,0.2416305682554564,19.40657074921046,6.069334308692163,63,1.1243790697674418
122.38379397189959,143.4783762776819,7.124087765415349,4.782183262145147,169.0990714515525,171.59701266293294,163.1098377548732,158.61756069499907,0.04113170837097292,0.02964527152952948,0.24182285804097683,21.094582305782296,4.492277059874141,64,1.1422263565891473
122.29468807043804,144.23640190839467,8.239947395043215,3.5354981391472764,170.98004389647917,175.2558635673658,161.74506871706777,158.93976985499134,0.042679790084466894,0.03250352471569504,0.24155270353432493,21.941713837956627,2.8052988620764268,65,1.1600736434108527
122.02494905718859,144.30371942234711,10.187603624741918,2.2763193038466176,172.52756180783427,177.17356595574168,160.96339320029222,158.71554201074332,0.04786074619827864,0.03660800645389684,0.24223018203375793,22.278770365158522,2.2478511895488964,66,1.1779209302325582
124.70409276840468,146.22925914500246,9.229614649180062,3.283906419777799,173.77587490454212,177.63092875008311,159.14550153995094,158.228123666223,0.04580107045448197,0.031432939865257976,0.24239659672395708,21.52516637659778,0.9173778737279292,67,1.1957682170542636
127.68926421763643,148.10361422541402,7.410900608684575,4.307207521001177,173.22326755606423,177.58754891195986,156.35441401722983,156.56620926198428,0.04644445307580492,0.031880643879377106,0.24286847936811984,20.414350007777585,0.21179524475445533,68,1.213615503875969
127.15089981926721,149.25565427162363,8.326173647675711,4.344142779597603,174.77054236625924,177.96707392996404,156.37862476343216,154.14021429931432,0.0422120769404306,0.02871853528921621,0.24296842871097218,22.104754452356417,2.238410464117834,69,1.2314627906976745
128.38868521182692,149.1616184204746,8.459384741137498,3.233206310638384,177.48283484319094,179.950961069785,157.1809683636688,153.83613049436568,0.04142623797603428,0.027657457660947536,0.24427916298427374,20.772933208647686,3.34483786930312,70,1.24931007751938
129.33527444568932,149.72794769206644,8.256665986054049,3.0646300087161706,179.79480319806459,178.21615041945557,158.41093769621267,154.99979305949645,0.04094000623125832,0.025086482662019224,0.24466344814259464,20.392673246377115,3.411144636716216,71,1.2671573643410854
129.4232504566335,150.24170712570282,8.325535340995621,3.147503618513036,178.2404301419136,177.09906872640093,158.7354660357489,155.29361692575216,0.038388362161287104,0.022065905846601543,0.24567588407978855,20.81845666906932,3.4418491099967525,72,1.2850046511627908
129.16058687986947,149.77819085708006,8.6113415403405,2.326897052361347,177.168283055851,175.7420327972304,158.84534012256324,156.4333159221677,0.04134136955979753,0.02450417046611625,0.24626440067017982,20.617603977210592,2.4120242003955354,73,1.3028519379844963
129.56788466648578,149.9260799371816,8.839613658821428,1.8299450106771598,175.30122179428665,175.02125927759215,159.35238565272059,156.5358804116373,0.04130085532700281,0.021726437121173534,0.24731597089329682,20.35819527069583,2.8165052410832914,74,1.3206992248062015
129.4491440230995,147.66989520079792,9.133761228323818,0.06864999845804272,174.11360570552534,174.40080809723784,159.42619299683864,156.83438164524063,0.040344394130334714,0.019003435952217484,0.24908813335018032,18.220751177698418,2.591811351598011,75,1.338546511627907
129.91193756422777,147.94290951191823,8.689689636678308,0.652605354053068,173.34478143430218,173.93832909469424,158.96977751623896,156.88009753715082,0.039080213784498,0.016066025634813373,0.24990111484522687,18.03097194769046,2.089679979088146,76,1.3563937984496124
129.8982594611106,147.58726206711958,8.388916225766115,0.845393428944604,173.6590997885022,173.98524333547707,158.07756025617118,157.30439809722276,0.04047801710365241,0.01663210784692088,0.250176872250443,17.689002606008984,0.7731621589484234,77,1.3742410852713178
129.97925601572967,149.31299416599234,8.077742068438624,0.16553026203395296,174.40208291671834,174.12864021752202,157.0976014143281,157.55567848986007,0.04175992419704206,0.017612609563043405,0.25010180176765545,19.33373815026266,0.45807707553197474,78,1.3920883720930233
129.6840615456973,150.44432148454212,8.353688022537709,0.877404216450599,174.45262675826532,174.24589817436942,156.6659767452489,157.75759638430395,0.04350521314648747,0.017745793762975977,0.25010518087312317,20.760259938844825,1.0916196390550397,79,1.4099356589147287
129.67456446433144,150.412164066819,8.605237013626585,0.9440971363089777,174.60177172869294,174.42850347101754,156.15767446502056,157.76908272203787,0.044849957461049764,0.017863061611054817,0.2499395296758115,20.737599602487563,1.6114082570173025,80,1.4277829457364342
129.54947519698302,150.13298496257454,8.770990849105225,1.0003179384990892,174.91949234005574,174.5555628054167,156.04835377575614,157.79993794940586,0.044926997926697694,0.01828415101850266,0.249776461698148,20.583509765591515,1.751584173649718,81,1.4456302325581396
129.6690613976044,148.85527611798818,8.657017750620147,0.5655583539806687,175.29538667370664,174.8441195030072,155.89699140109784,157.8108687126094,0.044854811279170126,0.018373767109549966,0.24963926853586177,19.186214720383788,1.9138773115115555,82,1.463477519379845
129.87241542396572,148.0638901183401,8.196116901610852,0.5048055223068341,176.38210091613217,175.03667946454468,155.3317486726941,158.13887387423148,0.04458961882569483,0.01965894318065221,0.24941804192930764,18.191474694374392,2.8071252015373886,83,1.4813248062015505
130.28694679052487,147.62447487276157,7.484712506141524,0.6616056674238991,177.7383789543384,175.5949574552658,154.63907757211015,158.04214176609023,0.04423232372007304,0.02108546866481075,0.2490187050404853,17.3375280822367,3.4030641939800717,84,1.499172093023256
131.10542867161675,147.33014947514468,6.579527765700103,0.7448282815143413,178.34536750560576,175.76909744778808,154.7580338642897,158.2628734707402,0.04335970674654434,0.022087266598620623,0.24890298037933323,16.22472080352793,3.5048396064505027,85,1.5170193798449614
133.90701671009154,145.13727479401607,4.44492591348043,0.248807729885151,178.92732278616268,176.47776679424354,154.76769264133338,158.92426301957502,0.0409989372600139,0.01980321765367759,0.24838858967573418,11.230258083924525,4.156570378241639,86,1.5348666666666668
135.20547602885517,143.57261448916242,3.270756701357,0.19451827321015913,179.46118284917063,176.62771058815775,155.40791589400365,159.8867452483397,0.03965171331209886,0.019614528959653814,0.24797658396335126,8.367138460307245,4.478829354336057,87,1.552713953488372
135.225366479545,142.7070516853036,2.8793103711920978,0.2855529887655872,179.93316774579222,176.9563823182641,156.1433173250349,160.63634056851322,0.03788457258127138,0.019446432898869236,0.24740713866311023,7.481685205758623,4.493023243478319,88,1.5705612403100775
134.9179797166304,142.4067993344697,2.372294254178472,0.16103627916644694,178.28001980625746,177.47994284065703,156.27251775108414,160.5302893824937,0.036209767516465645,0.02188706771892597,0.2464380288538699,7.488819617839283,4.257771631409554,89,1.588408527131783
134.5322624573294,141.91091825039675,1.811924962467374,0.01955347225220653,175.54397180458295,178.3941549400117,155.99509299154184,160.34685457311755,0.034345877287747066,0.0253927562445043,0.246049300065849,7.378655793067338,4.351761581575715,90,1.6062558139534884
134.6204287368168,141.3919530449854,0.7194093077577074,0.39231103373880677,172.53340271616503,179.96954741347847,155.78162058344617,160.26476234706575,0.03335434249539656,0.02872457676386448,0.24593468154563566,6.771524308168608,4.483141763619585,91,1.6241031007751938
134.1887846889357,141.07036695747283,0.10097625847544574,0.9611490496459194,169.51923821219543,178.4900380294165,155.2660277098686,160.52975767009008,0.032428968872399315,0.031138353503507882,0.24558178651295368,6.88158226853713,5.263729960221468,92,1.6419503875968993
134.03327483445332,140.93732808167502,0.8225094770911507,1.6836636922538106,166.92588817705092,176.85699898311648,154.93967273832934,160.03700504461165,0.028991534978323324,0.031301890833275905,0.24595527773477194,6.904053247221697,5.097332306282311,93,1.6597976744186047
133.72285183212918,140.85093724954856,1.4056620330427683,2.643479255861558,165.22285411971455,174.62824487039623,155.53975413740983,159.7193985626706,0.027276060873137182,0.030643966575652826,0.24608295565495986,7.128085417419385,4.179644425260761,94,1.6776449612403102
134.03102430995165,140.27816381823422,2.177965643733859,3.100943327621647,163.0795863199182,172.84284305573235,154.74960124294836,159.42938613946322,0.02549390189563226,0.029878977483941478,0.2455916517899983,6.247139508282572,4.67978489651486,95,1.6954922480620156
133.58118898390586,140.44181579759692,3.2654344548468743,4.384980687271282,159.31905883343654,170.08074500361684,153.13947204990015,158.26980930120618,0.023309571736776516,0.03126995871595833,0.24453532538595926,6.860626813691056,5.130337251306031,96,1.713339534883721
134.80200896117915,141.96478552095488,4.991355501179018,6.402160800493312,156.8569454419032,167.2317593563271,153.43187816681697,157.06250438383972,0.019448014772607134,0.029539012774185296,0.2442286985499936,7.162776559775722,3.6306262170227512,97,1.7311868217054265
135.96349880627446,142.19834284524097,6.812367338840271,7.770398607750792,154.04045250705542,163.67710782190335,154.68204243232813,155.75996171711833,0.01627404773818117,0.028147798048191376,0.2445662856847715,6.234844038966514,1.0779192847901982,98,1.749034108527132
136.9271473065467,142.43612021218527,8.117142517122645,8.969836328448263,152.19663848743318,160.79586124497243,156.47483359749313,155.77819401971894,0.013337802742401692,0.02487328946130128,0.24388891346200292,5.508972905638586,0.6966395777741923,99,1.7668813953488374
136.85873846619074,143.34730878511124,9.160537756756183,10.704287410093762,149.38504038687825,156.88320369748666,156.9173817372357,154.48432006444935,0.013385160717438711,0.020560212544552366,0.2435802955943658,6.488570318920495,2.4330616727863514,100,1.7847286821705426
141.58007453740842,139.33798511807203,14.056121823573461,7.197637949167748,144.52464569961143,153.41606360941765,154.9580548258755,154.03087755715907,0.013923895638891603,0.021379719558579938,0.2438149879114352,2.242089419336395,0.9271772687164344,101,1.802575968992248
142.56847115926465,147.4442322998371,16.788897950499365,11.178944744320088,140.52577008915335,152.1789000892181,153.32776451828715,153.39546775818198,0.009279113957211621,0.029900721932700488,0.24233115729440613,4.87576114057245,0.06770323989482563,102,1.8204232558139535
142.4402930880381,150.11920720331804,17.563280104296044,13.43980625149562,139.41075088866097,149.6492449855759,155.33603195022437,153.39208043933297,0.008838239435870393,0.02893473971167494,0.24362142561873357,7.678914115279952,1.9439515108913952,103,1.838270542635659
142.19022055847637,151.51048204092854,18.795882763638065,15.599029534379012,136.59376224718716,146.18688742684884,155.87674807252844,153.76813016338065,0.00837946176801144,0.030537036847616196,0.24626788379973663,9.320261482452167,2.108617909147796,104,1.8561178294573644
145.43027756550296,150.85933242839909,22.23053081148139,14.97502107201692,132.60448463008578,143.9881884340303,154.80838206980002,154.16144042116176,0.008343518545276358,0.03725285501564037,0.2467620868824578,5.429054862896123,0.6469416486382613,105,1.8739651162790698
145.80949660225127,142.2483127376167,24.079112532801954,11.136354624450735,131.47938613787807,141.2006617071539,157.46401895422642,155.39794997994207,0.013106274046030913,0.0398511633732948,0.24659496138410694,3.561183864634586,2.0660689742843488,106,1.8918124031007753
145.5617578280938,148.4844869057895,25.68095430368554,15.45167335250214,128.35506181597808,137.18875266815957,158.59411931227595,153.6435292194531,0.016074430773083192,0.04462577855349572,0.24858600899436653,2.9227290776957204,4.950590092822864,107,1.9096596899224807
145.90167734110898,158.55514474024238,26.69739820561252,20.952533340557203,125.89537117052203,135.1551779943398,157.77551493876624,153.68282846059546,0.022473573269326523,0.04979238001699404,0.24722638663687635,12.653467399133405,4.092686478170776,108,1.9275069767441861
149.1047700263871,161.16120243071467,28.739767569489196,23.315388108693803,123.75477263957805,132.7687584106089,159.24682445874166,153.5494189449886,0.018819370559222733,0.0497795555109675,0.25013889865911854,12.05643240432758,5.697405513753068,109,1.9453542635658916
149.02488764666478,161.2156337125464,29.304102097479646,24.870250361289997,121.42112613572871,127.40514464334055,160.9681588259932,151.27781184344246,0.01005569364633474,0.04335983613701145,0.2543791758372652,12.190746065881626,9.69034698255075,110,1.963201550387597
147.55081946945816,167.6805763614628,28.499148649559828,29.650808022029736,119.19827999656152,126.27115887564443,162.1420844548452,154.57318899589225,0.013517202979429361,0.04770880235307632,0.25927216555629345,20.12975689200465,7.568895458952937,111,1.9810488372093025
146.23966237280172,163.32025039665746,28.042576394815,28.201168408806037,116.93118072800377,124.26038304971348,161.17282337574676,154.8006321949101,0.010181696896384231,0.04707733229025879,0.2619884700939073,17.08058802385574,6.372191180836666,112,1.998896124031008
143.42446219988784,163.99495063812034,27.526751378348166,29.28328244292016,114.38145498924382,121.89178095352972,160.99971478035937,154.04931506075988,0.009055496669471239,0.049260677454231856,0.2652203372898108,20.570488438232502,6.950399719599488,113,2.016743410852713
137.82934087086036,177.91884945279307,25.75927788631818,36.2644865448451,111.00538744665289,119.76080108267328,159.98731500660878,154.65311282094854,0.021054006171683338,0.058635313285756496,0.2668836630412945,40.089508581932705,5.334202185660246,114,2.034590697674419
127.65304052498351,179.01094150532498,21.71723597481676,38.52193462965503,106.9811126443177,117.05213958831123,158.22853007423092,155.10141850841495,0.030934627788900163,0.06691836829076545,0.270519254365778,51.35790098034147,3.127111565815966,115,2.052437984496124
126.87026612410446,178.93853777579355,21.910697109282587,38.6319539819985,105.78893901983875,113.61573223525619,158.91351841051713,153.49654560386892,0.02927683311367627,0.06316736853428877,0.2716146745160603,52.06827165168909,5.416972806648204,116,2.0702852713178297
122.93557504234568,178.6449651660669,21.246279707183913,40.70470938478106,102.19507361064768,109.92465730034922,157.2676224708497,155.3754340700384,0.04090919568705887,0.07125226712688244,0.27756761895044374,55.70939012372122,1.8921884008112784,117,2.088132558139535
124.31103841971932,177.44192970737637,23.157516196110198,41.60022848617887,99.52018847343948,105.11087548630334,156.5891783629486,150.24089705788748,0.04520846457673694,0.07398338174958002,0.2785254668415592,53.13089128765705,6.348281305061107,118,2.1059798449612406
130.90194182801977,174.9935882673184,28.000336909559355,43.36245006476062,97.36749537507455,102.70756207808267,155.9297083622466,149.84220604707002,0.055645008140705166,0.07569175430467603,0.27582203606739775,44.091646439298614,6.087502315176579,119,2.123827131782946
137.25311339412076,179.02485333943332,31.101204292431454,41.41193830052273,94.6737653136002,100.13620294564015,154.9756567554997,149.5527006649713,0.04923624611302962,0.07370283589384853,0.2851018300783951,41.77173994531256,5.422956090528402,120,2.141674418604651
141.10797226438163,178.36134498560222,33.00602442399647,41.50532106431502,91.14367450844253,97.38138539408772,154.02465199545682,148.0187231360641,0.039004465041462016,0.07219473280445762,0.29134222849659225,37.253372721220586,6.005928859392725,121,2.1595217054263567
146.24828073940205,176.63153695875323,33.75085613087829,40.31815746809531,90.05749789016988,96.19149542113956,153.6389318403866,148.15901482192515,0.03674928257314867,0.07089594221619538,0.29568521499099815,30.383256219351182,5.479917018461435,122,2.177368992248062
148.89336079568366,173.17414816276636,35.77523589740161,39.32152115946886,89.43524602665957,94.24112795674466,154.66713665347928,149.70905787620913,0.04574952523655767,0.07221340562252906,0.2948166627841022,24.280787367082695,4.958078777270146,123,2.1952162790697676
148.37005591364073,173.37459649371286,36.13230433588606,41.86566659331725,87.86757207665477,91.49970138382673,154.63346817516378,149.7618264282097,0.04046668790804388,0.0648909667554345,0.29767414263069236,25.00454058007213,4.871641746954083,124,2.213063565891473
151.21015742166796,173.24695461688447,37.750999164576186,42.407764533115824,87.28665686586334,89.12053373743038,155.33896018426356,148.98365290272278,0.041971829833085415,0.06439723591052568,0.29902027101737955,22.036797195216508,6.3553072815407745,125,2.2309108527131785
152.04290625137526,173.4464021005281,39.49057254827217,42.79236170494241,84.88830895565201,87.96667307349395,155.18642473540768,150.1543306562131,0.04524357138652693,0.06887604493534631,0.2990971757638154,21.403495849152847,5.032094079194593,126,2.2487581395348837
152.19243953020032,174.19714715643215,40.71972146479141,44.21293722309995,81.45046955686797,85.58144435881786,152.9908650504747,149.39412875613283,0.04404247108877596,0.0688910553599913,0.3008177795925078,22.004707626231834,3.5967362943418664,127,2.2666054263565893
150.1002696884608,172.3224544619945,39.41272712566531,43.87111057075001,81.32242846972434,85.22975003148008,152.83148590830484,149.79177368478705,0.04654935135439196,0.06946181280169633,0.30234337708952375,22.222184773533712,3.039712223517796,128,2.2844527131782946
149.06369634375852,169.3373113735961,39.64591979457612,42.92688731804798,79.72762544235042,84.21555322521453,152.1941839851192,149.05824839954738,0.04870074287195678,0.0706272064637936,0.3010078601688005,20.273615029837572,3.135935585571815,129,2.3023000000000002
144.87858093361166,168.19304478434205,38.45394430813939,42.720784039226956,77.66902646835348,82.59138296856094,151.54730004594575,147.33789028027164,0.05290937083710647,0.07253115602438927,0.2985918684406182,23.31446385073039,4.20940976567411,130,2.3201472868217055
145.8034426490708,167.53906176669574,39.508662241636,43.22140814419155,75.863161142222,80.8815082680589,150.64339502095987,144.67236749331175,0.05335519739289662,0.07557883535927844,0.2993699417285155,21.735619117624935,5.971027527648118,131,2.337994573643411
146.57692718322232,167.70293691617078,40.254562035390464,43.63367971926453,74.7547922876297,79.28687047911905,149.22185484707964,142.89131744869712,0.054201870225054995,0.07772842832970685,0.30077831310478914,21.12600973294846,6.330537398382518,132,2.3558418604651163
149.49258020323495,169.9979966462324,42.10698519254972,45.18913097297518,74.20244821499045,77.69803053333521,150.2416931364009,141.65388600779414,0.05371079236350755,0.07790568738171061,0.30138258142886853,20.505416442997443,8.587807128606755,133,2.3736891472868216
150.1860912519493,169.01432892755275,43.47511455294213,44.958085317463336,74.84391503805739,76.12475597437759,153.96637917975082,141.05942386066673,0.05868921640815132,0.08038049558110569,0.2999956068854635,18.828237675603447,12.90695531908409,134,2.3915364341085272
153.1168416226242,170.37145510472195,45.32845462758325,46.30454471559707,73.61131266002866,75.23088088275267,153.98948816594108,140.91918658178488,0.05921695902838972,0.08203954361332413,0.2998477744446901,17.25461348209774,13.070301584156198,135,2.4093837209302325
154.5595365261279,172.93105931705713,46.54346366706146,48.56131777036404,72.8240631627666,74.04686558639145,153.71904008625032,140.63127689959023,0.05983471195219489,0.08281755509378094,0.29958721985864817,18.37152279092922,13.087763186660084,136,2.427231007751938
164.4272777254051,177.0727941083169,51.83171446488791,51.14839595479286,70.84825111545769,73.16891739154204,153.56176105493222,139.67143081707633,0.057965459707282035,0.082730683098432,0.29755977199167893,12.645516382911808,13.890330237855892,137,2.4450782945736433
171.80069827764294,176.04076502810702,53.881680196263204,50.86448248970246,69.97716174349836,70.98532952598316,152.506193940854,136.44453273498377,0.05551554280035716,0.0840680627859042,0.30384169936733585,4.240066750464081,16.061661205870223,138,2.462925581395349
173.18445095516302,174.70262961628129,52.98890373032586,50.53008107869308,68.69433034124944,70.13758249644007,151.36319132906507,136.95511788193454,0.05408846991357688,0.08437890929692583,0.30728459959620014,1.5181786611182702,14.408073447130533,139,2.4807728682170542
173.62037883076323,174.99622799344675,52.51631997189563,50.795287409180766,67.39437565212125,69.61219697236038,150.17939208173382,136.39562888145036,0.0476502915414555,0.08405590331798267,0.31273945728919444,1.3758491626835223,13.78376320028346,140,2.49862015503876
179.69225818779154,179.30520372673854,56.18108329441538,53.14757618408429,72.0226536472224,69.36285222465375,163.24953132801,136.3893210878873,0.04632201438414488,0.0836426791730144,0.31234557617502606,0.38705446105299757,26.860210240122683,141,2.516467441860465
177.94045453622482,178.90313935192611,57.871185543196724,52.9457770445657,67.34303764293912,68.84722941023483,155.12372346882378,136.27721475782886,0.04578764225919392,0.0837430114663512,0.3119715384495407,0.9626848157012944,18.846508710994925,142,2.534314728682171
174.32414842727465,177.9033027899223,58.994307898449016,53.27466512309629,66.74521114044308,67.95340818240453,154.68887781960717,137.22765605654897,0.04799994095788315,0.08470831915537497,0.31182278273814834,3.5791543626476425,17.461221763058205,143,2.552162015503876
174.56800441158032,178.40325694894304,58.134291758270095,54.32000711206674,66.3531707294814,67.56656226150011,154.16364154750542,138.23727733293808,0.046889374653797194,0.08458435665563661,0.3142236342246822,3.83525253736272,15.926364214567343,144,2.5700093023255817
175.24470911239493,177.93341930474082,58.84029039578343,54.18291183963155,68.89578799911686,67.33456838580707,163.75554498215567,137.91419457949644,0.048183999475403305,0.08437253869927565,0.31234914701444866,2.6887101923458943,25.84135040265923,145,2.587856589147287
175.18339474578016,177.82604569596367,58.62941890608946,54.23744178644383,67.93082226007164,66.56497175296909,160.67000191202317,137.67663533891002,0.04844399931167546,0.08457145489731303,0.31408463231211686,2.6426509501835085,22.99336657311315,146,2.6057038759689926
176.49933768840944,177.93016320039885,58.097119711044165,52.86172615276171,66.94948992420473,69.67653661833384,160.2029550041588,147.43872560996715,0.045868447739797986,0.08199862301157092,0.31734134774760936,1.4308255119894113,12.76422939419166,147,2.6235511627906978
178.22438194055445,178.61869053801118,56.99453358307155,52.98391899503341,63.77870051266916,68.97633425331111,155.3274525408508,149.5288315945375,0.04140384285729626,0.07802180703164809,0.32310042031895053,0.3943085974567282,5.798620946313292,148,2.641398449612403
179.19793612628524,177.75784991245746,56.472812349579414,53.437111918515356,62.1864002246557,66.76479656092249,154.69814260580037,147.56692572591376,0.04037350832972903,0.07754799734290471,0.3259253332034362,1.440086213827783,7.131216879886608,149,2.6592457364341087
178.7515714979648,175.06146514746334,56.12539979861455,51.859609178294725,58.79507592599953,64.85188711576609,151.11559860825642,145.47280660667434,0.038001352752937985,0.0755032080941507,0.3296033211566585,3.690106350501452,5.64279200158208,150,2.677093023255814
177.70175342073875,162.9011544075486,55.23562989051971,46.19332145921798,56.67581637375167,63.15276562997889,146.62261976982103,143.49298741914507,0.03166379414291663,0.07166775419087702,0.33382209719214356,14.800599013190151,3.129632350675962,151,2.6949403100775196
179.49176232163964,162.44798167354884,56.10018175788289,46.29450464671721,56.225941631640865,62.39349115556081,146.64225696650234,143.26483022881686,0.030827205394885825,0.06903885650787815,0.33484457857164335,17.043780648090802,3.3774267376854823,152,2.7127875968992248
178.76997486326525,160.4746872043349,55.83858032946141,44.221477482168474,56.14202264672855,64.48783650443846,147.02456483229125,148.4873549414937,0.028476633426378562,0.06412780056667453,0.33605437503348456,18.295287658930334,1.4627901092024445,153,2.7306348837209304
178.005661978821,160.56965833560886,55.740646984289064,44.63382334126386,55.58034712582747,62.66913860971624,146.60202961263957,146.0814669290589,0.027242010032416535,0.05864329887055156,0.33738126195690454,17.436003643212132,0.520562683580664,154,2.7484821705426357
177.87084377595158,161.36190536802692,56.07211747300615,45.27215006922676,55.240730950974694,61.38330950781011,145.92275366466214,144.95142360954563,0.02628535886696224,0.05654372474609752,0.3374627089504835,16.50893840792466,0.9713300551165105,155,2.7663294573643413
176.42149804918301,161.39748316036537,54.935182938271,45.71314638296893,55.18977930947341,61.417978374963184,145.99537534833462,146.290598316407,0.021498172318552347,0.053706145453784424,0.34174775237953936,15.024014888817646,0.29522296807238035,156,2.7841767441860465
175.1356086597867,161.47860307471976,54.40340946633814,45.767324346852696,55.277149009588925,61.47742383529595,146.84823830627104,147.0999634263701,0.020362594986847726,0.05377833205481386,0.34371319280488555,13.65700558506694,0.2517251200990529,157,2.802024031007752
175.3460207221435,160.8393425971171,54.77413047042553,45.17167025851321,54.82625446833225,60.93626660840454,147.37036899645622,147.95674225842734,0.025465285042429408,0.055113025419241325,0.3433490991588281,14.506678125026383,0.5863732619711186,158,2.8198713178294574
173.90983024408288,160.07644950624731,53.96251312512166,45.5480770153105,54.57882184094569,59.74814896374329,147.24419395521187,146.960301668119,0.023240544360740054,0.0519118397430976,0.34576359710072674,13.833380737835569,0.2838922870928684,159,2.837718604651163
173.0759606066592,159.30902120511678,53.908217177765415,45.36840243592379,54.44544342846808,58.86432845361111,147.2557554126654,147.07712714222706,0.022136962131765737,0.04813748567497067,0.34654092022049704,13.76693940154243,0.17862827043833818,160,2.8555658914728683
172.70090375903774,158.93113716890878,53.619150644196566,44.66387095193186,54.531365103555515,59.15289552853011,147.5296193162495,148.82728551841583,0.02074434303930456,0.045608854833825915,0.3471313648876384,13.769766590128967,1.29766620216634,161,2.8734131782945735
171.85232356723787,159.36946999165954,53.017118454510104,44.50050490871539,54.78093798910254,59.226945583679935,148.29831282317383,150.70907621996557,0.018322798629263493,0.04241222496483633,0.3486520160851866,12.482853575578332,2.4107633967917366,162,2.891260465116279
171.12010023516746,159.6458947470534,52.28368261435291,44.3645650343685,55.08174190564017,59.07882063908528,149.27936335763064,151.54709135022892,0.016383213566500264,0.042023091432720656,0.34986408344095044,11.474205488114052,2.2677279925982816,163,2.9091077519379844
171.04677915236658,159.9264052209657,51.79808944420253,44.6792506514121,55.364743025395114,58.476415916583164,150.37155262415592,151.5105045207883,0.015348582298316187,0.042630403419849576,0.3513285923759553,11.120373931400877,1.1389518966323635,164,2.92695503875969
170.11137496435268,160.8299433702426,50.9132169719485,44.37931714092867,55.71624341048994,58.62626906290245,150.9188603922536,152.37517259580352,0.012847758084860493,0.03961760237155721,0.3522153185380335,9.281431594110074,1.4563122035499134,165,2.9448023255813953
169.32100919284926,160.4306428174702,50.26028637186593,43.8995830696986,56.15408678894096,59.035504545968536,151.4945543975735,152.88501289359692,0.010260415683294857,0.03624909551452066,0.3527071041187256,8.890366375379074,1.3904584960234274,166,2.962649612403101
169.17019976129507,160.36455150462217,49.912666397635604,43.60007439576932,56.256300841366965,59.160119798581036,151.7186159010301,152.90205617839044,0.008735176979955257,0.035388684066426486,0.35318203638935686,8.805648256672896,1.1834402773603472,167,2.980496899224806
169.05538903490873,160.48646083257324,49.65014376601829,43.48273115008403,56.00296085741962,59.09195357407464,151.25063719601195,152.5122007270014,0.007638923614776193,0.03500955031278407,0.35370473401268815,8.568928202335485,1.2615635309894628,168,2.998344186046512
168.59640271908083,159.83813854143412,49.205422038969836,43.1088693348105,55.744378426012304,58.8639032696762,150.48590841568569,152.001355780565,0.005465822451442785,0.033851642654091366,0.35486544696889677,8.758264177646709,1.5154473648793214,169,3.016191472868217
168.25604669534212,160.25378452790287,48.76992702219928,43.11138348811515,55.57841309343104,58.77721096322671,149.70949754931416,151.7117809969217,0.00377474592066605,0.03290101295829822,0.355516314177289,8.002262167439255,2.002283447607539,170,3.0340387596899228
167.80560509226567,160.40650733440944,48.31290402526497,42.893059767587296,55.586267849910826,58.72152701897471,149.30883323458454,151.50843923943384,0.002086408191934808,0.031492620605409076,0.3561063933952185,7.399097757856225,2.1996060048493007,171,3.051886046511628
